Classic Sudoku
easy
0 0 6 0 0 8 3 5 0 0 9 0 3 0 1 4 0 0 0 3 0 0 2 5 0 0 0 0 1 4 0 5 3 0 0 8 0 0 0 8 0 2 0 0 0 0 2 0 1 0 0 0 0 0 0 0 0 7 8 0 0 1 9 1 8 0 2 3 9 0 7 0 0 6 9 0 1 0 0 8 3
6 0 0 5 0 0 4 3 9 0 0 1 2 0 0 7 0 8 0 0 7 0 0 4 2 0 0 0 0 8 0 2 0 0 0 0 1 3 0 9 8 0 0 7 0 0 7 0 3 4 0 0 0 0 4 0 0 1 5 0 8 6 7 0 1 0 0 9 0 0 2 0 8 0 0 6 0 3 0 0 1
normal
0 0 0 0 1 0 7 6 0 0 1 0 6 3 0 0 0 0 3 0 6 0 0 0 8 0 0 0 4 1 0 2 5 0 0 0 0 3 0 0 0 1 2 0 0 6 0 2 0 8 3 4 0 7 0 0 0 0 0 6 1 2 0 0 0 0 0 5 0 0 0 0 1 0 0 3 4 0 6 5 0
0 6 3 0 0 0 0 2 0 9 5 7 1 0 2 0 0 0 4 0 0 0 5 0 6 1 0 0 0 0 2 0 0 0 0 6 0 2 0 6 7 4 1 0 0 0 4 0 0 0 5 8 9 0 0 0 0 4 2 0 7 0 0 6 3 0 0 0 0 2 8 0 0 0 0 5 0 0 0 0 0
hard
3 0 0 0 1 9 0 0 0 0 5 0 7 0 0 0 6 1 0 0 0 0 2 4 0 9 3 0 0 6 0 0 2 4 0 0 0 2 0 0 0 5 0 0 0 0 0 0 9 0 7 0 1 0 0 8 0 0 0 1 0 2 0 2 0 5 4 0 6 0 8 0 7 0 1 0 0 0 0 0 6
0 0 0 0 7 4 0 1 0 0 0 2 9 0 0 0 0 0 7 0 0 3 0 1 9 5 0 0 4 7 0 0 5 0 0 0 0 0 0 0 0 0 0 0 0 0 2 5 0 9 7 1 0 0 6 5 8 0 0 9 7 0 0 0 9 0 0 0 2 0 0 6 0 7 0 5 6 3 0 0 0
Sudoku 6x6
easy
6 5 0 0 0 0 0 2 0 0 3 0 0 6 0 5 0 0 4 0 0 1 0 6 0 0 0 2 0 4 0 4 0 0 0 0
0 2 0 0 0 4 4 0 0 0 1 0 0 0 0 5 6 0 0 6 0 0 4 0 0 0 1 0 3 0 0 5 0 4 0 0
normal
1 6 0 0 5 0 2 0 0 0 0 0 0 0 0 0 6 0 0 5 0 2 0 0 4 0 0 1 0 0 0 0 0 0 3 0
0 0 0 0 4 0 0 0 0 2 0 1 1 4 0 0 6 0 2 0 0 5 0 0 0 0 3 0 0 0 5 0 0 0 0 0
hard
0 2 0 0 5 0 1 0 0 6 2 0 0 0 0 0 1 0 0 0 0 0 0 6 0 0 3 0 0 0 0 1 0 0 0 4
0 0 0 0 4 0 4 0 0 0 3 6 0 6 0 0 0 0 1 0 0 3 0 0 0 1 5 0 0 0 3 0 0 0 0 0